28.5479 43.431
28.6194 43.551
28.5823 43.6373
28.5933 43.7688
28.6743 43.9789
28.6784 44.1878
28.7348 44.3976
28.8529 44.5017
28.9627 44.642
29.0438 44.7165
29.1632 44.774
29.4228 44.8102
29.6068 44.8197
29.6576 44.8334
29.8005 45.3471
29.8499 45.606
30.163 45.7946
30.4981 46.0553
30.7508 46.2995
30.8332 46.4743
31.0474 46.5691
31.3276 46.5198
31.41 46.4211
31.5143 46.2652
31.6846 46.1965
32.0224 46.1355
32.3246 46.0934
32.6926 46.0342
33.0304 45.9959
33.0909 46.0093
33.1925 46.103
33.3902 46.038
33.4864 46.0188
33.6155 45.971
33.5907 45.9096
33.393 45.8482
33.0442 45.7676
32.7832 45.6155
32.4976 45.463
32.4619 45.3856
32.4894 45.3256
32.5937 45.312
32.6981 45.3101
32.8227 45.3474
32.9206 45.3236
33.0524 45.2519
33.1842 45.1684
33.2474 45.1334
33.3243 45.1567
33.3968 45.1754
33.4671 45.1509
33.5221 45.1023
33.5688 45.0127
33.5907 44.8977
33.5303 44.8449
33.5111 44.7922
33.5166 44.7432
33.5258 44.6884
33.4974 44.6531
33.3738 44.5982
33.371 44.5589
33.4397 44.5157
33.5523 44.4744
33.6264 44.4272
33.7033 44.3937
33.7912 44.3799
33.8901 44.3858
34.0302 44.3937
34.1565 44.4468
34.2499 44.496
34.3598 44.5431
34.4147 44.6334
34.4916 44.7157
34.6262 44.7647
34.8349 44.8057
34.964 44.8175
35.0711 44.7862
35.1535 44.8155
35.1728 44.8819
35.2414 44.9073
35.2662 44.9385
35.3309 44.9549
35.3843 44.9385
35.398 44.9736
35.4419 45.0048
35.42 45.0437
35.4419 45.0749
35.5079 45.106
35.615 45.1118
35.7138 45.0846
35.7715 45.0398
35.8374 44.995
35.8979 45.0008
35.9665 45.0086
36.0077 45.032
36.0984 45.0359
36.2192 45.0203
36.2632 45.0378
36.3511 45.0476
36.4142 45.0612
36.4719 45.0884
36.4417 45.139
36.4142 45.2011
36.4499 45.2535
36.4939 45.3059
36.5296 45.3388
36.6312 45.3504
36.6916 45.3659
36.7521 45.3717
36.7685 45.3349
36.7823 45.2981
36.8262 45.3
36.8674 45.3117
36.9223 45.3194
36.9828 45.3155
36.98 45.2884
36.8976 45.2729
36.807 45.2535
36.7466 45.2399
36.6642 45.2321
36.5818 45.2069
36.6037 45.1544
36.6614 45.1214
36.7411 45.1
36.8207 45.1058
36.8894 45.0922
36.991 45.0649
37.1091 45.0318
37.2272 44.9811
37.2876 44.9226
37.2931 44.8719
37.3316 44.8152
37.3728 44.7448
37.4497 44.6899
37.5211 44.6703
37.6117 44.6527
37.7079 44.6429
37.7875 44.6527
37.8205 44.6683
37.7985 44.7075
37.8479 44.6977
37.8974 44.6664
37.9056 44.6154
37.9715 44.5702
38.0292 44.5368
38.1144 44.4779
38.1885 44.4129
38.3039 44.3854
38.4055 44.3578
38.5428 44.34
38.7159 44.2927
38.8422 44.2137
38.8752 44.1702
38.9493 44.1604
39.029 44.1287
39.0894 44.0634
39.1581 44.002
39.2569 43.9464
39.3421 43.8849
39.4272 43.8113
39.5234 43.7257
39.6222 43.652
39.6854 43.6141
39.741 43.5547
39.8365 43.5122
39.8914 43.4502
39.9601 43.3881
40.0644 43.3741
40.1688 43.334
40.2566 43.277
40.2649 43.1874
40.3089 43.1553
40.3968 43.1613
40.4984 43.1352
40.5918 43.0828
40.7236 43.0788
40.8719 43.0667
40.9516 42.9861
41.012 42.9921
41.0642 42.9579
41.0834 42.8892
41.1136 42.8246
41.1658 42.7861
41.2702 42.7821
41.402 42.7497
41.4817 42.6524
41.5201 42.5063
41.5366 42.4148
41.5998 42.3231
41.6217 42.1986
41.7041 42.0678
41.7426 42.0043
41.7591 41.8977
41.7344 41.7745
41.6629 41.6716
41.619 41.6592
41.5613 41.6056
41.5448 41.5458
41.4487 41.457
41.3965 41.3971
41.2619 41.3515
41.1603 41.3081
41.0697 41.248
40.9433 41.1961
40.8252 41.1795
40.7483 41.1463
40.7071 41.1068
40.6137 41.0715
40.4819 41.0465
40.3693 41.0361
40.3226 41.0091
40.2787 40.982
40.2237 40.9446
40.1194 40.9279
40.0452 40.9612
39.9738 40.9737
39.9134 40.9654
39.8365 40.9841
39.7568 41.0257
39.6772 41.0174
39.6085 41.0257
39.5398 41.0714
39.4684 41.1088
39.419 41.1171
39.3805 41.1067
39.3448 41.0839
39.2899 41.0631
39.2157 41.0818
39.1553 41.0922
39.1031 41.0755
39.0317 41.0568
38.9548 41.0547
38.8861 41.0381
38.812 41.0173
38.7378 40.9861
38.6802 40.9653
38.628 40.984
38.5813 40.9611
38.5181 40.9361
38.4247 40.9257
38.3478 40.9194
38.2709 40.9569
38.183 40.9631
38.0951 40.9798
38.01 40.9902
37.9166 40.9923
37.8699 41.0214
37.8177 41.0318
37.7848 41.065
37.7958 41.117
37.7463 41.1315
37.6941 41.1481
37.6502 41.1357
37.6255 41.1066
37.598 41.0733
37.5623 41.0463
37.5101 41.0421
37.4552 41.0775
37.392 41.119
37.2931 41.1398
37.2382 41.1584
37.1201 41.1626
37.0322 41.2103
37.0185 41.2746
36.9004 41.3305
36.7109 41.376
36.6422 41.3884
36.5873 41.3305
36.4856 41.2683
36.3868 41.2808
36.3401 41.3242
36.2659 41.3511
36.2247 41.3925
36.1286 41.4896
36.1313 41.6011
35.972 41.739
35.8951 41.7267
35.8072 41.6958
35.6287 41.6484
35.5326 41.6443
35.4227 41.6896
35.2854 41.7349
35.2332 41.8089
35.1673 41.8459
35.0956 41.9188
35.1151 41.9669
35.1371 42.0079
35.214 42.012
35.1947 42.0488
35.1221 42.0459
35.0657 42.0468
35.0327 42.0959
34.9393 42.1245
34.9201 42.0938
34.9009 42.0447
34.8432 42.0017
34.7443 41.9648
34.6015 41.9587
34.5108 41.9771
34.4449 41.9812
34.3598 41.9607
34.2472 41.9545
34.1346 41.9873
34.0274 41.9914
33.8599 41.9832
33.6896 41.9935
33.5358 42.0057
33.3875 42.0242
33.3133 42.016
33.2282 41.9934
33.1513 41.9627
33.0442 41.936
32.97 41.9094
32.8821 41.8786
32.786 41.8621
32.6899 41.8437
32.591 41.8293
32.4921 41.8108
32.4372 41.7758
32.3658 41.7573
32.2504 41.7162
32.1982 41.675
32.146 41.6276
32.0499 41.5864
31.9428 41.5451
31.778 41.4728
31.5995 41.3943
31.4237 41.3322
31.3715 41.2949
31.377 41.2659
31.3814 41.224
31.3633 41.1996
31.3111 41.1498
31.2616 41.1331
31.0788 41.1054
30.9073 41.0916
30.7123 41.129
30.3663 41.1995
30.2756 41.2161
30.1932 41.1892
30.0202 41.158
29.7702 41.1663
29.4873 41.1974
29.2292 41.2451
29.1468 41.2368
29.0561 41.2638
28.9765 41.2679
28.6936 41.3507
28.4491 41.4376
28.2212 41.5491
28.1168 41.6666
28.0179 41.8003
28.0069 41.8784
28.0701 41.8866
28.0481 41.9809
27.985 42.073
27.8559 42.1834
27.7652 42.2569
27.79 42.3222
27.7378 42.3446
27.6973 42.4335
27.6609 42.5703
27.6856 42.6393
27.735 42.6555
27.7762 42.7001
27.8669 42.7082
27.8971 42.7285
27.8998 42.8478
27.9108 42.9326
27.9026 43.0113
27.9273 43.0677
27.952 43.1442
28.0069 43.2125
28.0591 43.2787
28.0866 43.3449
28.1662 43.395
28.3118 43.405
28.4546 43.3529
28.5479 43.431